1671606434 0.82666 1.44998 -0.36798 -0.13153 0.01899 -0.26237 0.95577
1671606434 0.97578 1.83357 -0.42807 -0.13277 0.01134 -0.27724 0.95152
1671606434 1.14962 2.27719 -0.49240 -0.13843 0.00298 -0.29144 0.94651
1671606436 3.42986 8.16706 -0.94625 -0.19897 -0.01873 -0.42314 0.88375
1671606437 4.93768 13.57595 -0.18950 -0.25299 -0.02045 -0.50581 0.82446
1671606441 0.46594 -0.36516 0.03460 -0.03033 -0.06912 -0.00217 0.99714
1671606444 0.08307 0.14289 0.00452 -0.00511 -0.05900 0.01399 0.99815
1671606444 0.34406 0.35995 0.08252 -0.00880 -0.06781 0.01767 0.99750
1671606445 0.49710 0.53320 0.12072 0.00819 -0.06532 0.02611 0.99749
1671606446 0.51459 1.06868 0.49715 0.03517 -0.10621 0.04263 0.99281
1671606447 -0.22329 0.89928 0.71781 0.07140 -0.12423 0.06489 0.98755
1671606448 -0.19718 0.44188 0.42588 0.06642 -0.12197 0.07640 0.98736
1671606449 -2.11634 -3.25421 0.60353 0.06918 -0.18496 0.09589 0.97561
1671606450 -3.02674 -4.69591 0.57783 0.07657 -0.18407 0.10459 0.97433
1671606452 -10.18159 -17.85936 -0.07206 0.11688 -0.21160 0.13449 0.96098
1671606452 -10.98695 -19.21824 -0.16085 0.11678 -0.21411 0.13970 0.95969
1671606453 -13.44142 -23.22197 -0.54054 0.11607 -0.21262 0.14933 0.95866
1671606454 -20.92327 -35.21393 -1.67073 0.13233 -0.22331 0.16574 0.95139
1671606456 0.07307 2.30867 -0.04193 0.03214 0.00633 -0.23046 0.97253
1671606463 0.02142 0.03558 0.00057 0.05238 0.02834 -0.00448 0.99821
1671606464 0.01913 0.03512 -0.00097 0.04937 0.03131 -0.00223 0.99829
1671606464 0.01890 0.03673 0.00093 0.05472 0.02956 -0.00437 0.99805
1671606465 0.01839 0.03729 0.00111 0.05553 0.03470 -0.00318 0.99785
1671606465 0.01864 0.03756 -0.00226 0.05504 0.03209 -0.00029 0.99797
1671606466 0.01753 0.03865 -0.00192 0.04910 0.02577 0.00032 0.99846
1671606467 0.01777 0.03836 -0.00208 0.04594 0.02260 -0.00170 0.99869
1671606467 0.01381 0.03458 0.00011 0.03214 0.03127 0.00005 0.99899
1671606469 0.01139 0.04321 0.01250 0.05421 0.01545 0.00273 0.99841
1671606469 0.01657 0.04229 0.00480 0.05516 0.01477 0.00449 0.99836
1671606469 0.01875 0.04437 -0.00161 0.06105 0.01116 0.00312 0.99807
1671606471 -0.02267 0.08895 -0.42221 0.07271 0.00505 -0.00048 0.99734
1671606471 -0.09690 0.11974 -1.23488 0.07326 0.00370 0.00021 0.99731
1671606472 -0.42386 0.20591 -3.54145 0.05951 0.01774 0.00530 0.99806
1671606472 -0.80443 0.26398 -4.68950 0.05159 0.03159 0.00516 0.99816
1671606473 -1.58014 0.45266 -6.65776 0.04544 0.03187 0.00439 0.99845
1671606474 -2.54530 0.67273 -8.86200 0.03503 0.04189 -0.27674 0.95939
1671606474 -3.69449 0.95021 -10.79998 0.00943 0.04707 -0.74308 0.66748
1671606475 -5.02235 1.39914 -12.70990 -0.02357 0.04492 -0.85620 0.51415
1671606476 -6.47446 2.04261 -14.73832 0.01091 -0.05267 0.86938 -0.49122
1671606477 -7.90198 3.15185 -16.95023 0.03817 -0.03378 0.87405 -0.48315
1671606477 -9.14450 4.57469 -18.90839 -0.04054 0.05260 -0.79093 0.60829
1671606478 -10.45358 6.41277 -20.70075 -0.00108 0.03791 -0.78386 0.61978
1671606479 -11.59019 9.04201 -22.44155 0.02658 -0.05692 0.88615 -0.45913
1671606479 -13.31485 10.42237 -23.70917 0.00499 -0.01783 0.99574 -0.09028
1671606480 -15.47966 13.70684 -25.98181 0.05440 0.01005 0.82701 0.55946
1671606481 -17.17151 15.70334 -27.54327 0.07026 0.02889 0.66382 0.74402
1671606481 -18.71231 18.49593 -29.33851 0.05009 0.04459 0.66472 0.74408
1671606482 -20.15167 21.79816 -31.05207 0.08255 0.00055 0.66627 0.74112
1671606483 -21.51608 24.61610 -32.84250 0.08278 0.00486 0.49960 0.86228
1671606484 -24.24092 28.19104 -35.25382 0.04706 0.02809 0.30138 0.95193
1671606484 -26.08396 31.06518 -37.04653 0.05603 0.01422 0.30234 0.95145
1671606486 -30.52416 37.37551 -40.81828 0.05472 0.00702 0.30517 0.95070
1671606486 -32.26699 39.43176 -42.06611 0.05000 0.00268 0.30399 0.95136
1671606487 -34.69941 42.12612 -43.81377 0.04340 0.00571 0.30332 0.95188
1671606489 -41.93645 52.25942 -48.19946 0.04579 0.00942 0.30702 0.95056
1671606490 -44.38916 56.32744 -49.79692 0.04479 0.01864 0.30600 0.95079
1671606490 -46.82216 59.14154 -51.43730 0.04685 0.01292 0.30471 0.95120
1671606492 -54.21473 69.48939 -55.73491 0.04698 0.01145 0.30335 0.95165
1671606494 -61.71487 77.13255 -58.99203 0.04883 0.00446 0.30439 0.95128
1671606495 -67.34232 82.71333 -61.25899 0.04202 0.00606 0.30387 0.95177
1671606495 -71.09524 85.81141 -62.85376 0.04152 0.00484 0.30286 0.95212
1671606496 -75.91702 90.00209 -64.39700 0.04350 0.00111 0.30354 0.95182
1671606497 -83.73861 97.27675 -66.88953 0.04581 0.00419 0.30387 0.95160
1671606499 -95.31822 107.68549 -70.43957 0.03841 0.00032 0.30424 0.95182
1671606499 -98.41517 112.63768 -71.46520 0.03726 -0.00317 0.30190 0.95260
1671606500 -101.64546 118.67593 -72.40488 0.03383 0.00447 0.30362 0.95218
1671606501 -108.76622 125.80673 -74.25928 0.03424 -0.00045 0.30579 0.95148
1671606502 -122.36847 137.56424 -77.29098 0.04364 0.01068 0.30892 0.95003
1671606503 -131.41866 144.89638 -79.21853 0.03543 -0.00461 0.30802 0.95071
1671606504 -146.26473 156.61402 -82.22417 0.05527 -0.01554 0.30959 0.94913
1671606505 -154.38405 162.45819 -83.71314 0.05197 0.00308 0.30967 0.94942
1671606506 -165.20014 169.81100 -85.67883 0.03886 0.00043 0.30855 0.95041
1671606507 -180.24137 180.31391 -88.29271 0.01412 0.12892 0.31006 0.94183
1671606508 -188.77082 187.15799 -89.74223 0.03619 0.03251 0.30634 0.95068
1671606508 -194.25587 190.76525 -90.62302 0.03967 0.04546 0.30584 0.95017
1671606509 -205.62808 200.16727 -92.55255 0.03111 0.04165 0.30861 0.94977
1671606510 -214.01434 208.03684 -93.94376 0.02742 0.04547 0.30912 0.94954
1671606516 0.39068 0.49420 -0.02930 0.07618 0.01219 -0.10274 0.99171
1671606517 0.32122 0.47787 -0.03708 0.07414 0.01326 -0.12422 0.98939
1671606517 0.33792 0.47851 -0.03798 0.07216 0.01480 -0.14338 0.98692
1671606518 0.31218 0.46273 -0.04170 0.07469 0.01524 -0.17737 0.98119
1671606519 0.27988 0.45358 -0.04604 0.08043 0.00727 -0.23292 0.96914
1671606520 0.26366 0.45263 -0.04950 0.08129 -0.00025 -0.27650 0.95757
1671606521 0.28536 0.44105 -0.04765 0.08257 -0.00999 -0.33146 0.93980
1671606522 0.27885 0.43659 -0.05132 0.08818 -0.01413 -0.39147 0.91585
1671606523 0.26700 0.43709 -0.05281 0.09301 -0.02686 -0.42617 0.89945
1671606524 0.25281 0.42562 -0.05659 0.09626 -0.02768 -0.47834 0.87244
1671606525 0.24237 0.42338 -0.05947 0.09786 -0.02352 -0.52401 0.84575
1671606526 0.22460 0.43216 -0.06135 0.09013 -0.02947 -0.56052 0.82270
1671606528 0.21259 0.42647 -0.06210 0.08708 -0.03959 -0.60769 0.78839
1671606529 0.19528 0.42958 -0.06441 0.08584 -0.04835 -0.65352 0.75047
1671606530 0.18026 0.44047 -0.06868 0.08567 -0.04275 -0.69912 0.70856
1671606532 0.15870 0.45232 -0.07451 0.07829 -0.04934 -0.75497 0.64920
1671606533 0.14101 0.45803 -0.07066 0.06906 -0.05613 -0.79951 0.59403
1671606535 0.12339 0.47405 -0.07542 0.06936 -0.05624 -0.83940 0.53613
1671606537 0.10120 0.49033 -0.07232 -0.04331 0.06118 0.88539 -0.45876
1671606539 0.11848 0.56479 -0.08702 -0.03230 0.08468 0.92058 -0.37990
1671606541 0.07761 0.54020 -0.07166 -0.02691 0.08662 0.95062 -0.29681
1671606543 0.06731 0.56679 -0.07947 -0.03795 0.10975 0.97598 -0.18435
1671606545 0.12597 0.95187 -0.08219 -0.02740 0.09457 0.99462 0.03213
1671606548 1.28581 2.60432 0.10150 -0.01653 0.08562 0.90150 0.42390
1671606551 4.86570 4.60868 0.41982 0.00880 0.06605 0.64860 0.75820
1671606553 11.15725 3.80716 0.77454 0.00050 0.04701 0.34110 0.93885
1671606560 0.38256 0.69743 -0.08753 -0.00992 0.06275 0.01000 0.99793
1671606560 0.38635 0.70069 -0.09413 -0.00887 0.06098 0.00596 0.99808
1671606562 0.38349 0.70101 -0.09921 -0.01413 0.05984 0.01796 0.99795
1671606566 0.40026 0.68807 -0.11597 -0.02299 0.05631 0.00349 0.99814
1671606570 0.42974 0.68314 -0.11139 -0.00847 0.06102 -0.11828 0.99107
1671606573 0.45946 0.66704 -0.11529 -0.01026 0.04300 -0.21906 0.97471
1671606577 0.48024 0.65415 -0.11878 -0.02091 0.03814 -0.31637 0.94764
1671606580 0.54873 0.66224 -0.13262 -0.01703 0.03038 -0.41274 0.91018
1671606583 1.90629 1.31082 -0.31452 -0.02921 0.03794 -0.42905 0.90201
1671606585 5.45825 2.44754 -0.73880 -0.03407 0.04363 -0.42230 0.90476
1671606588 11.53410 3.86839 -1.27730 -0.04661 0.02965 -0.41392 0.90863
1671606590 18.33817 4.64761 -1.75339 -0.04334 0.03437 -0.41114 0.90989
1671606591 22.63690 4.44421 -2.15757 -0.03264 0.04938 -0.40906 0.91059
1671606593 29.41634 3.65673 -2.78658 -0.02083 0.03759 -0.40285 0.91426
1671606594 26.73725 1.93562 -3.19999 -0.00398 0.02303 -0.39515 0.91832
1671606596 22.67882 -0.04550 -4.17165 -0.00153 0.02663 -0.38814 0.92121
1671606598 23.26437 -0.38597 -4.38445 -0.01971 0.01769 -0.37982 0.92468
1671606599 23.19550 0.46732 -3.99663 -0.02539 0.01261 -0.37677 0.92587
1671606601 23.15215 0.77323 -3.90555 -0.01400 0.01683 -0.37528 0.92665
1671606603 23.07395 0.79827 -3.90581 -0.01513 0.01355 -0.37093 0.92844
1671606604 23.06487 0.82800 -3.90249 -0.00365 0.02572 -0.37137 0.92812
1671606606 23.05641 0.82871 -3.89650 -0.02781 0.02412 -0.37225 0.92740
1671606608 23.05568 0.83402 -3.89681 -0.02826 0.02775 -0.36365 0.93069
1671606609 23.05620 0.83960 -3.89831 -0.01740 0.01843 -0.35555 0.93431
1671606611 22.98974 0.77713 -3.91984 -0.02543 0.01301 -0.35122 0.93586
1671606613 23.04949 0.84577 -3.90268 -0.02231 0.02429 -0.34850 0.93673
1671606615 23.05882 0.89393 -3.88738 -0.02745 0.02390 -0.33763 0.94057
1671606617 23.28708 1.30099 -3.80420 -0.01606 0.02866 -0.32746 0.94429
1671606619 23.89147 1.32638 -3.76387 -0.02835 0.02444 -0.34723 0.93703
1671606621 23.48337 0.80059 -3.99559 -0.01708 0.01333 -0.33812 0.94085
1671606623 23.44674 0.68366 -4.02797 -0.01963 0.02148 -0.32594 0.94494
1671606625 23.42741 0.71253 -4.02981 -0.02647 0.02241 -0.31432 0.94868
1671606628 23.38819 0.67273 -3.99535 -0.03951 0.02694 -0.31132 0.94910
1671606630 23.48682 0.55257 -4.17185 -0.01223 0.04094 -0.32468 0.94486
1671606632 23.48205 0.52082 -4.17043 -0.02749 0.01934 -0.31063 0.94994
1671606635 23.47689 0.52286 -4.17543 -0.03173 0.02086 -0.30975 0.95006
1671606637 23.55340 0.45747 -4.21033 -0.05197 0.02960 -0.30423 0.95072
1671606639 23.67488 0.48197 -4.20298 -0.03474 0.02223 -0.29117 0.95578
1671606642 23.56695 0.53899 -4.30597 -0.03531 0.00682 -0.28996 0.95636
1671606644 23.84406 0.96924 -4.33182 -0.04456 0.03231 -0.28479 0.95701
1671606646 25.44733 0.66994 -4.55944 -0.04425 0.03086 -0.29319 0.95453
1671606649 26.21235 -0.11947 -4.80515 -0.03123 0.03146 -0.27969 0.95907
1671606651 24.60552 0.09838 -4.77270 -0.03547 0.01636 -0.27177 0.96157
1671606653 24.60249 0.12059 -4.74175 -0.04722 0.03639 -0.26887 0.96133
1671606655 24.59887 0.13284 -4.73167 -0.05139 0.01726 -0.26291 0.96330
1671606658 24.59171 0.14207 -4.73532 -0.03857 0.02939 -0.26387 0.96334
1671606660 24.60297 0.11102 -4.76618 -0.03375 0.03518 -0.25293 0.96625
1671606663 24.65982 0.08311 -4.75649 -0.05439 0.01005 -0.23831 0.96961
1671606665 24.64495 0.09881 -4.76557 -0.04657 0.01578 -0.24114 0.96924
1671606667 24.64401 0.10424 -4.75906 -0.04658 0.01390 -0.23185 0.97154
1671606669 24.71454 -0.09598 -4.78493 -0.04139 0.00759 -0.28574 0.95738
1671606672 24.65638 -0.79842 -4.81591 -0.02602 -0.01335 -0.41356 0.91001
1671606675 22.63683 -1.99900 -4.81406 -0.03066 -0.03611 -0.59278 0.80397
1671606677 19.51964 -0.14625 -4.87107 -0.03440 -0.03731 -0.72944 0.68215
1671606680 16.62210 5.13691 -5.27271 -0.03622 -0.04701 -0.82890 0.55624
1671606683 16.04774 14.65542 -5.87395 -0.05883 -0.03582 -0.84724 0.52673
1671606687 20.65447 34.03275 -7.25394 -0.04514 -0.04567 -0.85192 0.51972
1671606690 29.09513 54.63796 -8.83215 0.04530 0.05174 0.86865 -0.49064
1671606692 37.97081 77.25726 -10.52893 0.04364 0.07299 0.91447 -0.39562
1671606694 47.63740 108.40576 -12.78989 0.01449 0.08212 0.95802 -0.27430
1671606697 61.61840 148.40951 -15.61851 0.02493 0.08782 0.98318 -0.15820
1671606702 0.13946 0.99954 -0.17431 0.06271 0.02540 -0.10805 0.99184
1671606704 0.14215 0.98986 -0.16702 0.07048 0.02105 -0.20725 0.97552
1671606707 0.10799 0.97019 -0.16242 0.08464 -0.00779 -0.25633 0.96285
1671606710 0.11943 0.97034 -0.15427 0.07758 -0.02066 -0.27841 0.95710
1671606713 0.12235 0.97164 -0.14999 0.07239 -0.01928 -0.28337 0.95608
1671606716 0.11408 0.97349 -0.14764 0.07878 -0.01673 -0.28799 0.95424
1671606719 0.11188 0.97109 -0.14576 0.07380 -0.02197 -0.30054 0.95066
1671606723 0.10737 0.97108 -0.14245 0.07137 -0.01884 -0.30890 0.94823
1671606725 0.10315 0.97484 -0.14072 0.07841 -0.02181 -0.31174 0.94668
1671606728 0.09540 0.97479 -0.14292 0.06780 -0.01780 -0.31337 0.94704
1671606730 0.09094 0.97764 -0.14214 0.06944 -0.01486 -0.31525 0.94635
1671606733 0.08886 0.97915 -0.14262 0.06690 -0.01673 -0.32960 0.94160
1671606735 0.09117 0.98425 -0.14776 0.06867 -0.01351 -0.33305 0.94031
1671606738 0.23579 1.01683 -0.25469 0.06957 -0.01698 -0.33843 0.93826
1671606740 0.25436 1.00527 -0.29827 0.07234 -0.02193 -0.35098 0.93333
1671606742 0.15966 0.99581 -0.20434 0.07010 -0.02315 -0.35978 0.93011
1671606745 0.15524 0.99650 -0.20353 0.06854 -0.02572 -0.36608 0.92770
1671606746 0.15119 0.99966 -0.20385 0.06842 -0.02592 -0.36958 0.92631
1671606749 0.14431 1.00172 -0.20376 0.06790 -0.02087 -0.37417 0.92463
1671606751 0.14063 1.00285 -0.20318 0.06242 -0.02062 -0.37838 0.92331
1671606753 0.13454 1.00862 -0.19989 0.08010 -0.01474 -0.38016 0.92133
1671606755 0.12790 1.01019 -0.20158 0.07034 -0.00585 -0.38170 0.92159
1671606758 0.12813 1.01180 -0.20003 0.07269 -0.02357 -0.38769 0.91862
1671606760 0.12469 1.01787 -0.19768 0.08839 -0.01487 -0.39000 0.91644
1671606762 0.12060 1.01776 -0.19789 0.08311 -0.02032 -0.38891 0.91730
1671606764 0.10407 1.02682 -0.20962 0.07753 -0.02560 -0.39449 0.91526
1671606766 0.10836 1.02350 -0.20135 0.07194 -0.02407 -0.39891 0.91385
1671606767 0.11561 1.01529 -0.19795 0.06582 -0.02918 -0.39988 0.91374
1671606769 0.11309 1.01856 -0.19640 0.07248 -0.02097 -0.39991 0.91344
1671606770 0.11492 1.01662 -0.19451 0.07369 -0.03008 -0.40055 0.91281
1671606771 0.11243 1.01804 -0.19505 0.06890 -0.02057 -0.40142 0.91307
1671606772 0.11444 1.01441 -0.19536 0.05696 -0.02794 -0.40363 0.91272
1671606774 0.11523 1.01458 -0.19313 0.06415 -0.01945 -0.41142 0.90898
1671606775 0.16931 1.00007 -0.23172 0.05819 -0.01701 -0.40798 0.91098
1671606776 0.40819 0.90694 -0.32573 0.06384 -0.02297 -0.40714 0.91084
1671606777 0.75444 0.83626 -0.46226 0.08379 -0.01272 -0.41136 0.90752
1671606778 0.96504 0.70219 -0.52112 0.08839 -0.01123 -0.41433 0.90576
1671606780 0.44416 0.87185 -0.32354 0.09542 -0.01899 -0.41748 0.90346
1671606781 0.44106 0.86900 -0.31904 0.09360 -0.02567 -0.42249 0.90116
1671606783 0.43292 0.86514 -0.31438 0.09292 -0.01950 -0.42330 0.90100
1671606784 0.42937 0.85937 -0.30909 0.09428 -0.01636 -0.42535 0.89995
1671606786 0.42846 0.86057 -0.30723 0.08656 -0.02068 -0.42847 0.89916
1671606787 0.42710 0.85990 -0.30509 0.08918 -0.01779 -0.43230 0.89713
1671606789 0.42399 0.85794 -0.30189 0.08918 -0.01636 -0.43555 0.89559
1671606790 0.42390 0.85808 -0.30046 0.08806 -0.01676 -0.43746 0.89476
1671606792 0.42418 0.85884 -0.30089 0.08608 -0.01744 -0.44068 0.89336
1671606794 0.42283 0.85657 -0.29865 0.07948 -0.02012 -0.44402 0.89226
1671606796 0.41557 0.86370 -0.29280 0.07796 -0.03072 -0.44704 0.89058
1671606798 0.42026 0.85769 -0.29517 0.07992 -0.01910 -0.44890 0.88980
1671606801 0.42153 0.86442 -0.29692 0.07509 -0.02480 -0.40731 0.90986
1671606804 0.40206 0.87006 -0.29098 0.07523 -0.02182 -0.29949 0.95088
1671606806 0.39169 0.87616 -0.29064 0.07260 -0.02028 -0.22433 0.97159
1671606809 0.38004 0.88086 -0.29030 0.06771 -0.01769 -0.14086 0.98755
1671606813 0.36662 0.88791 -0.29162 0.06116 -0.02624 -0.02473 0.99748
1671606816 0.04670 0.51250 -0.17790 0.06716 -0.03923 0.05971 0.99518
1671606820 -0.16277 -0.16948 0.03599 0.05388 -0.02593 0.05960 0.99643
1671606824 0.68062 -0.93316 0.80963 0.01285 -0.04750 0.35167 0.93483
1671606828 2.58909 -1.72766 2.29586 -0.00647 -0.05421 0.73697 0.67372
1671606833 8.46423 -1.77326 3.66517 -0.00177 -0.02892 0.85245 0.52200
1671606836 23.36237 -1.15473 5.67135 0.00063 -0.02389 0.84841 0.52881
1671606840 49.13012 3.61669 8.65001 0.00044 -0.01511 0.83960 0.54300
1671606846 0.06326 1.23494 -0.21960 -0.04355 -0.00096 -0.03277 0.99851
1671606848 -0.12347 1.41596 -0.32058 -0.02643 -0.00232 -0.05953 0.99787
1671606851 -0.18574 1.55039 -0.42982 -0.04677 -0.02546 -0.07383 0.99585
1671606853 -0.21629 1.56384 -0.49423 -0.05050 -0.01221 -0.10098 0.99353
1671606856 -0.15758 1.52647 -0.45158 -0.05091 -0.00936 -0.11064 0.99251
1671606860 -0.15280 1.52540 -0.45532 -0.02865 -0.01050 -0.12793 0.99131
1671606863 -0.16076 1.52366 -0.46120 -0.04108 -0.01031 -0.14279 0.98885
1671606866 -0.17706 1.53200 -0.46108 -0.02856 -0.01045 -0.16116 0.98646
1671606869 -0.18395 1.53346 -0.46438 -0.02659 -0.00913 -0.17399 0.98435
1671606872 -0.19169 1.53599 -0.46804 -0.02923 -0.00861 -0.18965 0.98138
1671606875 -0.19658 1.53643 -0.47170 -0.03115 -0.00897 -0.20638 0.97794
1671606879 -0.20342 1.53900 -0.47726 -0.03139 -0.00320 -0.21907 0.97520
1671606881 -0.20721 1.54255 -0.47978 -0.03022 -0.00418 -0.23154 0.97235
1671606885 -0.21221 1.54650 -0.48308 -0.02535 0.00185 -0.24932 0.96809
1671606887 -0.22168 1.54950 -0.48607 -0.03186 0.01415 -0.25660 0.96589
1671606890 -0.24530 1.56784 -0.48911 -0.02292 0.00676 -0.27805 0.96027
1671606893 -0.58110 1.91976 -0.57316 -0.03355 0.01599 -0.28737 0.95710
1671606895 -0.62463 1.94454 -0.68572 -0.02517 0.01387 -0.30342 0.95242
1671606898 -0.67481 2.06698 -0.74468 -0.02628 0.00673 -0.30362 0.95241
1671606901 -0.64243 2.37362 -0.86417 -0.02412 0.01642 -0.31855 0.94746
1671606904 -0.89357 2.46425 -1.01443 -0.02316 0.00031 -0.33732 0.94110
1671606907 -0.90124 2.63424 -1.01249 -0.01974 0.00962 -0.35470 0.93472
1671606909 -0.91132 2.53020 -0.96006 -0.02996 0.03102 -0.36163 0.93132
1671606912 -0.91850 2.52248 -0.95598 -0.02146 0.02698 -0.37208 0.92756
1671606915 -0.92710 2.53450 -0.96107 -0.02608 0.02686 -0.38908 0.92044
1671606917 -0.92825 2.54395 -0.96630 -0.02461 0.02806 -0.40003 0.91574
1671606920 -0.93552 2.55627 -0.96913 -0.03222 0.02501 -0.41937 0.90690
1671606923 -0.81203 2.53877 -1.05124 -0.03604 0.02573 -0.42033 0.90629
1671606925 -0.84201 2.51683 -1.02717 -0.03585 0.02805 -0.43005 0.90165
1671606928 -0.84375 2.51648 -1.02498 -0.03326 0.03041 -0.44308 0.89535
1671606931 -0.84856 2.51887 -1.02567 -0.04481 0.03193 -0.44827 0.89220
1671606934 -0.86507 2.52088 -1.03314 -0.04704 0.05342 -0.48078 0.87394
1671606938 -1.13874 2.51602 -0.99279 -0.02199 0.02432 -0.63915 0.76838
1671606941 -4.84419 3.22150 -0.72037 -0.03610 -0.02334 -0.86264 0.50399
1671606945 -10.87056 8.83329 -0.27642 0.01904 0.05340 0.97754 -0.20299
1671606949 -15.60054 11.29368 0.59110 0.02796 0.02985 0.99510 -0.09006
1671606958 0.43895 0.54302 1.19077 0.05784 0.02289 0.02314 0.99780
1671606963 0.23217 1.15948 0.24061 0.06658 0.00374 -0.01981 0.99758
1671606964 0.29299 1.11123 0.84613 0.08990 -0.00880 -0.02698 0.99555
1671606965 -0.33550 -0.40905 0.99701 0.13786 -0.03028 -0.03717 0.98929
1671606973 0.16853 1.25698 -0.21578 0.07497 0.00946 -0.03442 0.99655
1671606973 0.20057 1.23554 -0.22347 0.07422 0.01178 -0.04636 0.99609
1671606977 0.18390 1.18518 -0.25777 0.09268 0.03623 -0.13618 0.98567
1671606981 0.02272 1.17323 -0.24332 0.09157 0.02201 -0.21787 0.97142
1671606985 -0.11459 1.08248 -0.25600 0.09128 0.01987 -0.28994 0.95247
1671606989 -0.07333 1.09637 -0.24647 0.09241 0.01473 -0.35838 0.92887
1671606992 -0.06737 1.08785 -0.24454 0.09298 0.01649 -0.39763 0.91268
1671606996 -0.06488 1.07189 -0.24587 0.09463 0.00694 -0.43950 0.89322
1671606999 -0.06379 1.05956 -0.24487 0.09156 0.00141 -0.48811 0.86796
1671607003 -0.06290 1.05297 -0.24437 0.10178 -0.00081 -0.52766 0.84333
1671607007 -0.16303 0.97577 -0.31168 0.08797 0.00675 -0.57729 0.81176
1671607011 -0.11902 0.97892 -0.27557 0.08724 -0.00641 -0.61943 0.78016
1671607015 -0.12457 0.97025 -0.27710 0.07791 -0.00501 -0.65515 0.75146
1671607019 -0.12989 0.96562 -0.27856 0.08096 -0.00350 -0.69012 0.71915
1671607023 0.34311 1.07280 -0.17116 0.06980 -0.00035 -0.73166 0.67808
1671607028 2.42803 1.31819 0.34416 0.08781 0.01129 -0.76968 0.63226
1671607032 6.66200 0.56534 1.42480 0.05803 0.02340 -0.81247 0.57964
1671607037 15.55878 -0.23280 2.62734 0.04711 0.01676 -0.84902 0.52598
1671607041 29.14431 0.54798 3.83777 -0.05434 -0.01200 0.88752 -0.45740
1671607045 48.99952 4.28085 5.32817 -0.04928 0.01606 0.90215 -0.42830
1671607049 74.79854 11.68087 6.87983 -0.05754 0.02517 0.92774 -0.36790
1671607053 105.84696 20.43739 8.70631 -0.05147 0.04136 0.94583 -0.31787
1671607056 144.14671 28.39099 10.76067 -0.05040 0.03551 0.96257 -0.26392
1671607065 0.03674 2.40739 0.80831 0.03154 0.08603 -0.00113 0.99579
1671607068 5.68871 -1.79137 -1.84658 0.16367 0.11638 0.00110 0.97963
1671607072 1.09657 -0.69611 -0.40908 -0.03682 0.08650 0.02115 0.99535
1671607074 7.25117 1.95155 -1.03812 -0.03525 0.21880 0.46866 0.85513
1671607080 0.15490 1.34865 -0.21204 -0.04107 0.03273 0.00534 0.99861
1671607083 0.12759 1.34982 -0.22658 -0.04219 0.02112 0.02169 0.99865
1671607089 0.10552 1.32690 -0.20960 -0.07220 0.02381 0.02090 0.99689
1671607093 0.11093 1.32380 -0.20701 -0.05942 0.01863 0.03020 0.99760
1671607098 -0.90774 0.64746 1.01097 -0.09545 0.08879 0.02892 0.99105
1671607103 -1.44357 -0.03869 1.33000 -0.05125 0.06971 0.02785 0.99586
1671607108 -1.25935 0.16458 1.24830 -0.04676 0.03176 0.02995 0.99795
1671607111 -1.98181 0.06033 1.15484 -0.07248 0.03733 0.02743 0.99629
1671607115 -2.00604 -0.47298 1.45043 -0.06235 0.04193 0.02605 0.99683
1671607117 -1.97898 -0.33101 1.33690 -0.07299 0.04313 0.02056 0.99619
1671607121 -2.03293 -0.34406 1.36684 -0.06825 0.05726 0.03067 0.99555
1671607124 -1.99959 -0.33875 1.33945 -0.07122 0.07009 0.02828 0.99459
1671607127 -1.99402 -0.34778 1.35202 -0.08955 0.06232 0.02528 0.99371
1671607129 -2.16150 -0.17570 1.33801 -0.06631 0.06200 0.03016 0.99541
1671607132 -2.93594 -0.95003 1.42577 -0.05290 0.05283 0.02663 0.99685
1671607134 -4.09029 -2.21333 1.47644 -0.05081 -0.03401 0.03044 0.99766
1671607135 -8.75702 -3.98591 1.44450 -0.03677 -0.01115 0.08477 0.99566
1671607137 -15.09094 -6.05734 1.42749 -0.00716 0.05745 0.85535 0.51481
1671607138 -21.78827 -8.44343 1.27580 0.03066 0.06526 0.96259 0.26118
1671607139 -27.89163 -9.98153 1.10623 -0.04650 0.08750 0.95943 0.26397
1671607140 -34.71340 -12.18838 1.04119 0.04727 0.06520 0.95981 0.26884
1671607142 -42.57006 -14.49336 0.82031 0.04135 0.05673 0.95963 0.27235
1671607143 -50.03459 -17.83832 0.62243 0.01291 0.04627 0.99884 -0.00424
1671607144 -56.65543 -19.14940 0.17305 -0.05726 -0.03880 -0.85973 0.50605
1671607146 -63.14436 -23.74299 -0.28387 0.04857 0.03176 0.86444 -0.49938
1671607147 -68.55406 -34.18403 -2.55937 -0.04783 -0.02840 -0.86381 0.50073
1671607149 -75.94080 -45.70297 -6.86668 -0.04210 -0.01587 -0.86456 0.50052
1671607150 -89.44462 -64.18481 -12.81544 -0.03207 -0.01230 -0.86496 0.50066
1671607152 -102.26663 -82.73119 -18.17515 -0.03438 -0.01569 -0.86174 0.50594
1671607154 -117.20034 -106.34379 -24.10905 -0.02501 -0.01669 -0.86280 0.50464
1671607158 0.21338 1.49527 -0.24756 0.01393 -0.05468 0.11513 0.99175
1671607158 0.24316 1.48883 -0.24118 0.00741 -0.06447 0.14599 0.98716
1671607159 0.24968 1.52649 -0.24320 0.01059 -0.05618 0.20495 0.97710
1671607161 0.22961 1.42356 -0.07002 0.03096 -0.06308 0.29155 0.95397
1671607163 0.54113 0.64804 0.93827 0.03716 -0.05059 0.39902 0.91479
1671607165 0.09625 -1.05177 2.10126 0.02938 -0.05412 -0.05301 0.99669
1671607167 0.62399 -4.04943 3.63406 0.03398 -0.05574 0.02515 0.99755
1671607169 2.62499 -8.15775 5.20237 0.02810 -0.03915 0.10427 0.99338
1671607171 7.07130 -14.38129 7.24156 0.02337 -0.04318 0.19649 0.97928
1671607172 12.52146 -20.72685 8.91717 0.02051 -0.03354 0.27819 0.95972
1671607174 20.33723 -28.73430 10.52895 0.02066 -0.02964 0.35630 0.93367
1671607175 29.31053 -36.68390 11.73477 0.02973 -0.01720 0.43627 0.89916
1671607177 40.51454 -45.18253 12.70997 0.04126 0.02499 0.50270 0.86312
1671607178 50.27703 -51.27103 13.23713 0.03938 0.02787 0.55765 0.82867
1671607179 62.48969 -58.60272 13.53798 0.06987 0.04432 0.59740 0.79766
1671607181 83.19420 -67.08902 13.48147 0.07402 0.02708 0.66230 0.74508
1671607182 92.67864 -70.61858 13.31638 0.05795 0.01683 0.67652 0.73395
1671607182 101.77208 -73.40054 13.16021 0.07850 0.01051 0.70397 0.70580
1671607183 114.70673 -76.83935 13.02057 0.08187 0.03728 0.73146 0.67593
1671607184 128.51059 -80.22718 12.78877 0.08547 0.02695 0.75768 0.64644
1671607185 145.39103 -84.17128 12.23345 0.08190 0.03067 0.77961 0.62013
1671607186 174.26890 -89.45892 11.12434 0.07941 0.04484 0.81720 0.56909
1671607187 203.98972 -93.54368 10.01494 0.08621 0.04909 0.85460 0.50972
1671607188 223.92823 -95.74764 9.26627 0.08836 0.03979 0.87573 0.47298
1671607188 226.51049 -96.00635 9.18192 0.08563 0.04197 0.87765 0.46972
1671607188 231.73903 -96.51390 9.02259 0.07810 0.04627 0.88195 0.46252
1671607189 237.04884 -97.00510 8.87640 0.07261 0.04542 0.88709 0.45358
1671607189 242.44050 -97.47772 8.73492 0.08898 0.04773 0.89032 0.44401
1671607189 250.68178 -98.14979 8.51106 0.09075 0.05785 0.89699 0.42875
1671607189 253.47913 -98.36307 8.43400 0.08811 0.06096 0.89938 0.42384
1671607189 259.12616 -98.76999 8.27479 0.08603 0.05940 0.90427 0.41397
1671607190 267.75233 -99.34760 8.04699 0.08075 0.05523 0.90995 0.40302
