1671606459 -5.99203 -3.16668 4.00643 -0.02727 -0.02101 0.99938 -0.00714
1671606460 -8.53913 -5.14230 4.71631 -0.04828 -0.03419 0.97770 -0.20148
1671606460 -10.01264 -6.90283 5.33173 -0.05602 -0.03524 0.93788 -0.34060
1671606461 -16.09044 -16.14931 7.14954 0.09946 0.02074 -0.59695 0.79582
1671606462 -20.92483 -21.07203 8.55763 0.10835 -0.00152 -0.25058 0.96201
1671606463 -25.82104 -24.00155 8.81850 0.10508 -0.01982 -0.01279 0.99418
1671606463 -30.58667 -33.49469 9.36076 0.09856 -0.03870 0.32177 0.94088
1671606464 -35.48483 -44.09557 9.94545 0.07117 -0.05942 0.65292 0.75173
1671606464 -37.76073 -47.77350 10.10112 0.05855 -0.06274 0.75260 0.65287
1671606465 -40.95550 -53.82346 10.14320 0.02451 -0.06498 0.88621 0.45804
1671606465 -41.82729 -57.20523 10.09409 0.01910 -0.06325 0.94190 0.32935
1671606466 -47.27074 -66.58775 9.98012 -0.02288 -0.06655 0.99613 0.05267
1671606466 -51.60277 -74.56776 9.77896 -0.04678 -0.06018 0.97979 -0.18492
1671606467 -55.21595 -81.34691 9.50843 -0.06547 -0.05507 0.92645 -0.36658
1671606467 -58.66280 -88.86648 9.18303 0.07803 0.05077 -0.84049 0.53377
1671606469 0.00215 -0.00242 -0.00335 0.04549 0.05248 -0.00506 0.99757
1671606470 0.00009 0.00019 0.00021 0.04697 0.05335 -0.00306 0.99747
1671606470 0.00053 -0.00177 -0.00150 0.04384 0.05139 -0.00067 0.99772
1671606470 0.00149 0.00033 -0.08205 0.04933 0.04156 -0.00548 0.99790
1671606471 -0.03942 0.00396 -0.65726 0.05781 0.04215 -0.00368 0.99743
1671606471 -0.08086 0.00342 -1.32819 0.06359 0.03439 -0.00194 0.99738
1671606472 -0.13094 0.06091 -3.02855 0.07157 0.02128 0.00403 0.99720
1671606472 -0.14324 0.17542 -4.16813 0.08584 0.03193 0.00541 0.99578
1671606473 -0.09162 0.30570 -5.25887 0.10046 0.01490 0.00667 0.99481
1671606473 -0.02580 0.36183 -6.30815 0.11453 0.00759 0.00730 0.99336
1671606473 0.11420 0.35225 -7.03288 0.12724 0.00195 0.00489 0.99186
1671606474 0.27646 0.25865 -8.35490 0.13934 0.03357 -0.28761 0.94696
1671606475 0.91867 -0.63383 -9.72444 0.12494 0.10154 -0.74146 0.65140
1671606475 1.19894 -1.20010 -10.15326 0.12319 0.11626 -0.81200 0.55854
1671606475 1.78903 -2.99306 -11.08075 0.10859 0.12398 -0.83870 0.51905
1671606483 -0.04318 -0.02918 0.00455 0.05073 -0.05361 -0.03632 0.99661
1671606483 -0.26201 -0.07353 0.01351 0.07092 -0.05921 -0.27355 0.95741
1671606483 -0.40770 -0.06120 0.01169 0.06901 -0.04306 -0.31150 0.94676
1671606484 -0.66200 -0.04174 0.02780 0.06241 -0.00401 -0.30349 0.95078
1671606484 -0.60057 0.03228 0.07217 0.08172 0.01476 -0.27855 0.95682
1671606486 0.32169 -0.00820 0.18231 0.07230 0.05526 -0.22604 0.96986
1671606486 0.87141 -0.02380 0.15013 0.08522 0.04033 -0.21562 0.97192
1671606486 1.76221 -0.07583 0.04782 0.08177 0.04323 -0.20194 0.97502
1671606487 3.53339 -0.29186 -0.22987 0.07772 0.05676 -0.18185 0.97861
1671606487 4.95388 -0.30822 -0.38129 0.07852 0.06437 -0.16565 0.98094
1671606489 12.44616 -0.10604 -0.95962 0.08505 0.09473 -0.11623 0.98503
1671606489 14.53080 -0.28695 -1.06747 0.08281 0.10619 -0.10275 0.98555
1671606489 16.03480 -0.31618 -1.18125 0.08289 0.11037 -0.09605 0.98576
1671606490 17.65432 -0.33111 -1.31935 0.08603 0.11372 -0.09099 0.98559
1671606490 24.23556 -0.27457 -1.89707 0.08528 0.12773 -0.06255 0.98615
1671606491 30.86360 -0.25059 -2.53567 0.08737 0.14233 -0.04222 0.98505
1671606492 47.31719 0.00229 -4.28200 0.08893 0.16332 0.00208 0.98255
1671606492 50.54020 0.05919 -4.65504 0.08771 0.16720 0.00963 0.98197
1671606493 64.59069 0.65702 -6.33122 0.09101 0.18010 0.04098 0.97857
1671606494 76.60020 1.33997 -7.86106 0.08663 0.18681 0.06474 0.97643
1671606500 -0.00342 0.00081 -0.00029 0.06393 0.00694 0.00363 0.99792
1671606500 -0.00020 -0.00005 0.00033 0.06215 0.00382 0.00381 0.99805
1671606500 0.00067 -0.00095 0.00072 0.06555 0.00353 0.00345 0.99784
1671606501 -0.00022 -0.00012 -0.00015 0.06367 -0.00454 0.00510 0.99795
1671606501 0.00037 -0.00032 0.00014 0.06516 -0.00496 0.00300 0.99786
1671606502 0.00039 0.00150 -0.00073 0.07924 0.00431 0.00297 0.99684
1671606503 -0.00322 0.00108 0.00069 0.06880 -0.00321 -0.00110 0.99762
1671606504 -0.00091 -0.00055 -0.00039 0.08320 0.01266 0.00045 0.99645
1671606504 -0.00544 -0.00045 -0.00127 0.08247 0.01555 0.00153 0.99647
1671606505 -0.09056 -0.03562 0.01983 0.09523 0.01096 0.00298 0.99539
1671606506 -0.23185 -0.06763 0.02596 0.06756 0.03555 -0.00005 0.99708
1671606506 -0.27132 -0.02108 0.01952 0.07310 0.04593 0.00415 0.99626
1671606507 -0.16030 0.01752 0.01746 0.07863 0.09655 0.01122 0.99215
1671606508 1.17535 0.03848 0.06517 0.08334 0.06095 0.00022 0.99466
1671606508 1.77297 0.04823 0.09193 0.07258 0.08376 0.00124 0.99384
1671606509 3.89474 0.06378 0.11649 0.07794 0.09564 0.00457 0.99235
1671606509 5.24437 0.01345 0.13351 0.07358 0.09323 0.00285 0.99292
1671606510 7.36043 0.20861 0.20209 0.07527 0.08931 0.00152 0.99315
1671606511 9.29436 0.38978 0.26653 0.07284 0.05779 0.00008 0.99567
1671606512 12.46764 0.73136 0.39979 0.07945 0.04920 -0.00015 0.99562
1671606512 13.61684 1.08847 0.49162 0.07682 0.04739 -0.00016 0.99592
1671606513 16.29232 2.22428 0.75016 0.07416 0.04804 -0.00122 0.99609
1671606513 18.37916 3.11590 0.89881 0.07500 0.05200 -0.00177 0.99583
1671606514 20.51762 4.15479 1.09357 0.07466 0.06021 -0.00039 0.99539
1671606515 26.84505 5.66950 1.47959 0.07380 0.07499 -0.00077 0.99445
1671606516 29.95935 6.54840 2.00424 0.07141 0.06973 -0.00263 0.99500
1671606516 32.48777 7.63047 2.47387 0.06849 0.07061 -0.00441 0.99514
1671606517 33.10288 8.46467 2.87982 0.06578 0.06655 -0.00445 0.99560
1671606518 35.06556 9.17880 3.13152 0.06806 0.06307 -0.00422 0.99568
1671606518 36.10045 9.01838 3.16450 0.07941 0.05214 -0.00529 0.99546
1671606519 38.42558 9.55474 3.53088 0.08048 0.05175 -0.00688 0.99539
1671606520 40.24517 9.94617 4.07743 0.08107 0.04749 -0.00702 0.99555
1671606521 41.37095 10.44688 4.44283 0.08134 0.04442 -0.00733 0.99567
1671606521 43.60128 11.18712 4.84088 0.07976 0.04619 -0.00745 0.99572
1671606522 45.61606 11.78406 5.27387 0.07862 0.04605 -0.00615 0.99582
1671606523 46.46547 11.90236 5.52694 0.08149 0.04591 -0.00572 0.99560
1671606524 46.78791 11.33781 5.76353 0.08188 0.03548 -0.00658 0.99599
1671606524 49.56692 11.80307 6.41287 0.08331 0.04365 -0.00899 0.99553
1671606525 48.70620 11.51081 6.12417 0.08057 0.04345 -0.00853 0.99576
1671606526 52.19001 12.18224 6.86720 0.08176 0.04381 -0.00815 0.99565
1671606526 54.03728 12.81320 7.32342 0.07473 0.04562 -0.01105 0.99610
1671606527 52.96518 13.31297 7.14989 0.07249 0.03530 -0.00936 0.99670
1671606528 52.97330 13.22748 7.06704 0.06955 0.03495 -0.00962 0.99692
1671606529 52.61551 12.83242 6.88295 0.07825 0.02671 -0.01090 0.99652
1671606530 53.11384 12.86774 6.94630 0.07460 0.03281 -0.01171 0.99660
1671606531 53.73066 13.07415 7.02985 0.07303 0.03300 -0.01183 0.99671
1671606532 54.15438 13.46349 7.01666 0.07192 0.04074 -0.01138 0.99651
1671606533 54.24096 13.54364 7.06160 0.06573 0.03307 -0.01094 0.99723
1671606534 54.21109 13.49866 7.06289 0.07777 0.03515 -0.01200 0.99628
1671606535 54.34771 13.29478 7.01797 0.08826 0.04214 -0.01043 0.99515
1671606536 54.51947 13.29728 7.03327 0.08772 0.03733 -0.01100 0.99538
1671606537 54.31488 13.37547 7.04019 0.08018 0.02843 -0.01083 0.99632
1671606538 54.31808 13.36368 7.04223 0.08390 0.01861 -0.01258 0.99622
1671606540 54.32909 13.36266 7.03722 0.09067 0.02245 -0.00576 0.99561
1671606541 54.35185 13.37339 7.03823 0.08980 0.02994 -0.01136 0.99544
1671606542 54.37574 13.37992 7.04179 0.10271 0.03235 -0.02226 0.99394
1671606544 54.41393 13.36029 7.05936 0.12389 0.03219 -0.05363 0.99032
1671606546 54.57555 12.70245 7.22675 0.12443 0.03143 -0.17802 0.97562
1671606547 54.73747 11.35323 7.50337 0.11525 0.04110 -0.34739 0.92970
1671606549 53.77963 11.21138 7.61163 0.08416 0.01980 -0.51493 0.85286
1671606551 52.13665 10.68339 7.74550 0.07863 0.01820 -0.69880 0.71075
1671606553 51.86491 10.60205 7.76136 0.07884 0.03897 -0.78238 0.61656
1671606555 52.15355 9.80853 7.55551 0.06456 0.05300 -0.83516 0.54362
1671606557 54.04757 7.29314 7.06395 0.06307 0.05318 -0.83715 0.54071
1671606559 56.04588 2.80273 5.96622 0.07099 0.04263 -0.83326 0.54665
1671606562 53.39828 -1.33665 4.96999 0.09051 0.03033 -0.83093 0.54812
1671606564 53.62927 -8.76109 3.56824 0.08463 0.03548 -0.83058 0.54928
1671606566 53.46230 -17.39203 1.75163 0.08610 0.02776 -0.85984 0.50248
1671606569 48.17986 -15.30575 1.76232 -0.08320 -0.01772 0.90366 -0.41973
1671606571 42.23082 -18.24472 0.76778 -0.07907 -0.02150 0.93074 -0.35639
1671606573 34.96672 -21.92310 -0.32525 -0.07682 -0.02223 0.95271 -0.29317
1671606575 26.13312 -25.48578 -1.70568 -0.07898 -0.03450 0.97015 -0.22668
1671606577 17.12565 -29.25796 -3.09813 -0.06458 -0.02962 0.98512 -0.15649
1671606579 6.52551 -31.34790 -4.46770 -0.06118 -0.02318 0.99404 -0.08716
1671606581 -2.29563 -32.00772 -5.46240 -0.06198 -0.02988 0.99632 -0.05112
1671606582 -14.63927 -35.04695 -7.01675 -0.06626 -0.03655 0.99611 -0.04517
1671606585 -30.10139 -41.05279 -8.82984 -0.06279 -0.04318 0.99599 -0.04691
1671606585 -33.10504 -42.32483 -9.11326 -0.06504 -0.03538 0.99625 -0.04467
1671606587 -43.02515 -47.34373 -10.22278 -0.06626 -0.04223 0.99603 -0.04179
1671606588 -50.86652 -51.20310 -11.17446 -0.03339 -0.04410 0.99759 -0.04180
1671606589 -60.63400 -56.11764 -12.41427 -0.03528 -0.03269 0.99790 -0.04345
1671606590 -72.30233 -62.36798 -13.90236 -0.04762 -0.04581 0.99692 -0.04219
1671606591 -79.38682 -67.79702 -14.99930 -0.04790 -0.04436 0.99715 -0.03785
1671606592 -89.49337 -74.04533 -16.48961 -0.05239 -0.03413 0.99729 -0.03882
1671606593 -91.80657 -72.28675 -16.29900 -0.04125 -0.02179 0.99818 -0.03821
1671606594 -100.70712 -75.65315 -17.16831 -0.04065 -0.01926 0.99799 -0.04472
1671606595 -109.72825 -78.84038 -18.18908 -0.04725 -0.02609 0.99760 -0.04343
1671606596 -119.43172 -83.37411 -19.35857 -0.04893 -0.02115 0.99778 -0.03980
1671606597 -124.27754 -84.87047 -19.57117 -0.04827 -0.02075 0.99781 -0.04015
1671606598 -137.72310 -90.13942 -20.81551 -0.04346 -0.02641 0.99800 -0.03759
1671606599 -141.95405 -91.29076 -21.06276 -0.04169 -0.02983 0.99802 -0.03657
1671606602 1.55780 -0.06814 0.14213 -0.03771 -0.00814 -0.03141 0.99876
1671606602 1.77378 -0.10598 0.12868 -0.03692 -0.01390 -0.03562 0.99859
1671606602 1.72915 -0.03566 -0.09097 -0.03662 -0.00525 -0.04809 0.99816
1671606603 1.63158 -0.01537 -0.18285 -0.03605 -0.01045 -0.06093 0.99744
1671606604 1.46365 0.04962 -0.31079 -0.03851 -0.01022 -0.07440 0.99643
1671606605 0.77324 0.39767 -0.64173 -0.04164 -0.03168 -0.09276 0.99431
1671606606 -1.35735 2.11676 -1.18526 -0.05990 -0.07668 -0.11564 0.98851
1671606607 -5.36604 6.01406 -1.90963 -0.06517 -0.11699 -0.12725 0.98279
1671606608 -9.93246 10.41188 -2.76104 -0.06980 -0.11634 -0.14490 0.98010
1671606610 -17.58331 17.99929 -4.24485 -0.06866 -0.13297 -0.15595 0.97636
1671606611 -28.62311 29.62010 -6.44385 -0.09233 -0.15493 -0.17741 0.96747
1671606612 -38.11872 39.88369 -8.44636 -0.09849 -0.16247 -0.18857 0.96351
1671606613 -49.33507 52.36977 -10.89239 -0.10762 -0.17322 -0.20243 0.95783
1671606614 -66.49033 72.42371 -14.76753 -0.12926 -0.18411 -0.22245 0.94864
1671606617 2.02691 0.06485 0.18226 -0.01943 0.02593 -0.09942 0.99452
1671606617 2.05288 0.07645 0.18559 -0.02000 0.02550 -0.14183 0.98936
1671606618 2.09598 0.08817 0.19977 -0.01623 0.02424 -0.21807 0.97550
1671606619 2.14337 0.07400 0.21250 0.00093 0.01397 -0.33377 0.94255
1671606621 2.13970 -0.01962 0.21106 0.00781 -0.00729 -0.44116 0.89737
1671606622 2.16647 0.02128 0.22831 0.00890 -0.00241 -0.51045 0.85986
1671606624 2.16213 -0.01017 0.23229 -0.00689 -0.00595 -0.61628 0.78747
1671606626 2.20193 -0.00361 0.23077 -0.01039 -0.01080 -0.69417 0.71965
1671606628 2.22355 0.00246 0.23307 -0.01823 -0.00834 -0.77611 0.63028
1671606630 2.60976 0.16993 0.14419 -0.01951 -0.01280 -0.86060 0.50875
1671606632 2.37716 0.19696 0.25571 0.01269 0.00891 0.91096 -0.41221
1671606633 2.39380 0.27279 0.25550 0.01328 -0.00640 0.94989 -0.31222
1671606635 2.45854 0.23737 0.26447 0.02326 -0.00707 0.98260 -0.18415
1671606637 2.51606 0.32188 0.33519 0.01120 -0.03836 0.99766 -0.05540
1671606639 2.54737 0.36614 0.34090 0.02388 -0.00554 0.99799 0.05852
1671606641 2.58418 0.36612 0.33981 0.01150 -0.01251 0.98408 0.17692
1671606643 2.61632 0.38460 0.34929 -0.00388 -0.02499 0.95416 0.29822
1671606645 2.64160 0.37357 0.35521 0.00731 -0.02829 0.89587 0.44336
1671606647 2.66765 0.37810 0.36275 0.00868 -0.01244 0.84103 0.54078
1671606649 3.15699 0.83178 0.30463 0.00433 -0.01499 0.74907 0.66231
1671606652 3.90625 0.93919 0.35769 -0.01388 -0.02296 0.65271 0.75713
1671606654 3.21764 0.62245 0.39284 -0.02456 -0.03683 0.54097 0.83987
1671606656 3.22227 0.65288 0.37777 -0.01986 -0.03971 0.43285 0.90037
1671606658 3.26502 0.48376 0.40523 -0.01329 -0.02170 0.30757 0.95118
1671606660 3.42181 0.22290 0.47412 -0.01722 -0.02417 0.17550 0.98403
1671606661 3.34276 0.23021 0.48986 -0.02708 -0.02980 0.07959 0.99601
1671606663 3.32300 0.25561 0.50421 -0.04067 -0.02030 -0.04033 0.99815
1671606665 3.31611 0.24482 0.51022 -0.02989 -0.02222 -0.16915 0.98489
1671606667 3.32149 0.24385 0.51722 -0.03138 -0.02043 -0.29110 0.95596
1671606669 3.29689 0.17038 0.53048 -0.03543 -0.01425 -0.44246 0.89598
1671606671 2.66382 -0.22768 0.55010 -0.02328 -0.01201 -0.63871 0.76900
1671606673 0.30369 -0.84887 0.60039 -0.00252 -0.04900 -0.82286 0.56612
1671606675 -2.80336 -0.01336 0.72218 0.01945 0.02108 0.94109 -0.33695
1671606677 -1.47270 1.88179 0.92669 0.00745 0.00411 0.99555 -0.09382
1671606679 -0.36300 2.02017 1.00670 -0.00087 0.01750 0.98492 0.17212
1671606681 0.22739 2.03591 0.99697 -0.00821 0.01656 0.90934 0.41564
1671606684 0.29528 1.92035 1.04273 -0.00915 0.04167 0.82084 0.56956
1671606686 0.79408 2.77731 1.02157 0.00999 0.03528 0.70628 0.70698
1671606689 3.47332 6.64013 0.89520 0.00824 0.06813 0.56922 0.81932
1671606691 8.39023 12.92643 0.54170 0.00453 0.07366 0.39445 0.91595
1671606693 17.95584 23.10592 -0.24451 -0.00869 0.08248 0.17447 0.98116
1671606695 32.82920 37.51610 -1.61498 -0.01294 0.10980 -0.05941 0.99209
1671606697 51.92465 54.57707 -3.50761 -0.03131 0.10077 -0.24782 0.96304
1671606698 70.29530 80.54439 -5.90039 -0.04638 0.07672 -0.42872 0.89898
1671606701 100.48563 132.30656 -10.44642 -0.04040 0.04628 -0.67876 0.73179
1671606704 2.88954 -0.00522 0.27903 0.04299 0.02679 -0.12796 0.99049
1671606705 2.82342 -0.11860 0.29360 0.06947 0.04393 -0.18871 0.97859
1671606708 2.51243 -0.27424 0.23881 0.11368 0.01071 -0.27369 0.95502
1671606710 2.55249 -0.23686 0.30819 0.11052 -0.01102 -0.33917 0.93415
1671606712 2.47037 -0.22426 0.33483 0.10690 -0.01000 -0.38998 0.91454
1671606714 2.42482 -0.21307 0.34071 0.11688 -0.01911 -0.43937 0.89047
1671606716 2.27788 -0.17644 0.36006 0.12425 -0.02387 -0.49962 0.85696
1671606718 2.23272 -0.14949 0.37479 0.10923 -0.03769 -0.55883 0.82119
1671606720 2.15197 -0.08590 0.38013 0.11584 -0.04309 -0.61618 0.77785
1671606722 2.11329 -0.03790 0.39867 0.11373 -0.05298 -0.65756 0.74288
1671606723 2.07802 0.02338 0.40552 0.10899 -0.06085 -0.69774 0.70539
1671606725 2.06027 0.09599 0.40039 0.11495 -0.06873 -0.74308 0.65566
1671606727 2.03776 0.15468 0.41882 0.10162 -0.06283 -0.77727 0.61772
1671606729 2.03248 0.23413 0.42759 0.09388 -0.07685 -0.82068 0.55836
1671606731 2.04290 0.27072 0.43186 0.08726 -0.08675 -0.84765 0.51609
1671606732 2.05755 0.33373 0.43841 -0.09102 0.08331 0.87732 -0.46376
1671606734 2.08294 0.40250 0.43851 -0.08737 0.09755 0.90792 -0.39815
1671606736 2.10897 0.44510 0.44897 -0.08259 0.09421 0.92333 -0.36298
1671606737 2.14314 0.49913 0.45369 -0.08084 0.09951 0.93946 -0.31777
1671606739 2.18079 0.54219 0.45656 -0.06991 0.11256 0.95485 -0.26590
1671606740 2.22694 0.59189 0.45907 -0.07016 0.11450 0.96830 -0.21063
1671606742 2.27341 0.63935 0.46481 -0.05902 0.11780 0.98020 -0.14782
1671606744 2.33396 0.68547 0.46792 -0.05197 0.12206 0.98794 -0.07988
1671606745 2.38247 0.71340 0.47011 -0.04781 0.12597 0.99019 -0.03700
1671606747 2.44112 0.74603 0.47497 -0.03104 0.12936 0.99077 0.02586
1671606749 2.50896 0.77466 0.47608 -0.03132 0.13009 0.98768 0.08112
1671606751 2.58599 0.80437 0.48849 -0.02235 0.12344 0.97974 0.15613
1671606752 2.63919 0.81267 0.48597 -0.01056 0.13484 0.97020 0.20105
1671606754 2.73377 0.82640 0.48235 -0.01282 0.13846 0.95610 0.25795
1671606755 2.79746 0.83343 0.50789 -0.02036 0.13533 0.94606 0.29367
1671606758 2.86236 0.83067 0.50542 0.00638 0.14103 0.91592 0.37572
1671606759 2.90769 0.82991 0.53769 0.01809 0.14243 0.90540 0.39956
1671606760 2.96582 0.82275 0.50228 0.00913 0.14862 0.88191 0.44728
1671606762 3.01401 0.82738 0.50968 0.02438 0.13794 0.85865 0.49305
1671606763 3.06385 0.82314 0.51772 0.02551 0.13090 0.83520 0.53353
1671606764 3.03619 0.85930 0.51104 0.03516 0.12821 0.80937 0.57206
1671606765 3.02467 0.88452 0.50522 0.03412 0.12841 0.79727 0.58882
1671606766 2.93581 0.96888 0.50621 0.04282 0.12048 0.78096 0.61136
1671606767 2.75892 1.10552 0.55721 0.04498 0.11460 0.76222 0.63551
1671606768 2.54790 1.26243 0.57114 0.05142 0.11520 0.74347 0.65677
1671606769 2.42800 1.25805 0.57046 0.05403 0.11864 0.72468 0.67665
1671606769 2.37712 1.26202 0.58182 0.05190 0.11886 0.71578 0.68618
1671606770 2.33088 1.21764 0.63872 0.06539 0.11795 0.69421 0.70702
1671606771 2.08997 1.27212 0.65826 0.07259 0.11025 0.67412 0.72673
1671606771 1.99378 1.21125 0.64838 0.06853 0.11252 0.65972 0.73988
1671606772 2.54446 1.06497 0.57199 0.06813 0.09455 0.63676 0.76220
1671606773 2.54911 1.07148 0.61915 0.07180 0.09155 0.61633 0.77885
1671606774 2.57092 1.08957 0.61855 0.05034 0.09578 0.58713 0.80223
1671606774 2.59351 1.09700 0.61587 0.07180 0.09879 0.57630 0.80806
1671606775 2.60212 1.09027 0.61372 0.07939 0.10146 0.56323 0.81620
1671606776 2.61723 1.03292 0.61929 0.08600 0.11448 0.52859 0.83672
1671606777 2.63749 1.05283 0.61081 0.08468 0.11257 0.50479 0.85167
1671606778 2.65205 1.03974 0.61009 0.08972 0.11352 0.47835 0.86617
1671606779 2.67620 1.02200 0.61282 0.09839 0.10764 0.43925 0.88645
1671606780 2.67790 1.01607 0.60984 0.10467 0.10786 0.42334 0.89342
1671606781 2.70146 1.00447 0.61387 0.11104 0.09917 0.39190 0.90788
1671606782 2.69827 0.98229 0.61860 0.10708 0.10091 0.36290 0.92014
1671606783 2.71253 0.97853 0.62121 0.10997 0.09360 0.32727 0.93383
1671606784 2.73148 0.99881 0.62166 0.10874 0.09783 0.30477 0.94113
1671606785 2.78648 1.15133 0.65552 0.11092 0.08927 0.26835 0.95274
1671606786 2.89786 1.40660 0.70523 0.11126 0.08026 0.23686 0.96181
1671606787 3.01425 1.82982 0.81320 0.11439 0.07605 0.19993 0.97013
1671606788 2.85063 1.89625 0.89537 0.11951 0.07696 0.16677 0.97570
1671606789 2.76745 1.17262 0.69585 0.12061 0.06816 0.13755 0.98076
1671606790 2.80797 1.18109 0.69258 0.12242 0.06003 0.09944 0.98566
1671606791 2.80144 1.16849 0.69483 0.12258 0.05299 0.06882 0.98865
1671606792 2.78508 1.15262 0.69470 0.12335 0.05036 0.03053 0.99061
1671606794 2.75397 1.12393 0.69812 0.12406 0.03659 -0.04291 0.99067
1671606795 2.73721 1.11342 0.69953 0.12279 0.03648 -0.06882 0.98937
1671606797 2.70533 1.09905 0.69768 0.13111 0.02384 -0.12728 0.98287
1671606798 2.67908 1.08475 0.70014 0.12600 0.01973 -0.18297 0.97481
1671606800 2.67090 1.10526 0.72021 0.12381 0.01180 -0.20671 0.97047
1671606802 2.53043 1.82176 0.80995 0.11382 -0.01426 -0.20590 0.97183
1671606804 1.63524 3.87569 0.91948 0.11636 -0.03695 -0.19429 0.97332
1671606806 -1.02038 6.79667 1.08650 0.12195 -0.04385 -0.19265 0.97267
1671606808 -5.18179 10.20834 1.22608 0.11783 -0.05595 -0.19744 0.97160
1671606810 -13.26903 14.29276 1.27947 0.12242 -0.06774 -0.20179 0.96938
1671606812 -23.79781 18.16486 1.19027 0.12026 -0.08880 -0.19774 0.96879
1671606814 -39.97934 23.07176 0.79573 0.12339 -0.10687 -0.18889 0.96834
1671606816 -64.50663 28.87185 -0.15530 0.13146 -0.13107 -0.20056 0.96193
1671606818 -97.61181 34.07365 -2.08123 0.14474 -0.13515 -0.26887 0.94260
1671606821 -150.62950 39.76825 -6.36991 0.12990 -0.13804 -0.32102 0.92791
1671606825 3.35992 -1.30814 0.76939 0.04814 -0.08117 -0.08226 0.99213
1671606827 -1.74291 -5.75474 0.05936 0.00231 -0.11038 -0.19918 0.97372
1671606832 4.33786 0.51651 0.39113 -0.04852 -0.00094 -0.02152 0.99859
1671606833 4.33936 0.51085 0.39481 -0.02523 -0.03264 -0.05987 0.99735
1671606835 4.33174 0.48858 0.39319 -0.03268 -0.08080 -0.19877 0.97616
1671606838 4.32296 0.47308 0.39246 -0.05868 -0.08394 -0.36211 0.92649
1671606841 4.29095 0.45495 0.38919 -0.07005 -0.07229 -0.49074 0.86547
1671606843 4.30055 0.47576 0.37448 -0.07933 -0.07020 -0.60538 0.78886
1671606845 4.19726 0.49166 0.40934 -0.07955 -0.04683 -0.70598 0.70219
1671606848 4.40120 -0.03441 0.40312 -0.08499 -0.04775 -0.78777 0.60821
1671606850 5.29528 -1.08261 0.43316 0.08709 0.02047 0.86683 -0.49051
1671606852 5.92034 -2.13785 0.45904 0.10050 0.00624 0.90135 -0.42123
1671606853 6.81570 -3.88166 0.47140 0.09880 -0.01183 0.93701 -0.33484
1671606855 8.34644 -7.19542 0.46045 0.09717 -0.01889 0.97046 -0.22004
1671606857 10.15315 -10.41814 0.44165 0.10637 -0.03683 0.98748 -0.11052
1671606859 10.50610 -9.25869 0.56399 0.10024 -0.01719 0.99453 -0.02384
1671606861 10.56566 -8.92629 0.57531 0.09806 -0.04515 0.98931 0.09799
1671606863 10.41528 -9.09499 0.55531 0.08947 -0.05187 0.97388 0.20214
1671606865 10.41797 -9.05955 0.54034 0.07327 -0.06291 0.94714 0.30594
1671606867 10.41624 -9.04187 0.53708 0.06799 -0.07069 0.89873 0.42739
1671606870 10.42116 -9.02694 0.53493 0.06244 -0.08524 0.84007 0.53208
1671606872 10.42413 -9.00891 0.53796 0.05493 -0.09613 0.78109 0.61452
1671606874 10.43076 -8.99055 0.53439 0.04841 -0.09827 0.70164 0.70406
1671606877 10.44508 -8.97059 0.53540 0.02384 -0.10347 0.58505 0.80402
1671606879 10.46125 -8.95409 0.53472 0.00931 -0.10779 0.48594 0.86727
1671606880 10.47599 -8.94356 0.53506 0.00549 -0.10995 0.40282 0.90864
1671606883 10.49720 -8.93203 0.53548 -0.00565 -0.09767 0.26966 0.95797
1671606885 10.51369 -8.93110 0.53415 -0.02397 -0.09766 0.17715 0.97903
1671606887 10.50257 -8.75573 0.55151 -0.04080 -0.09249 0.06654 0.99265
1671606889 10.48423 -8.72884 0.51716 -0.04480 -0.08831 -0.02894 0.99466
1671606891 10.19360 -9.05518 0.48585 -0.06117 -0.08084 -0.17940 0.97854
1671606893 10.36492 -8.83260 0.53418 -0.07930 -0.06656 -0.26226 0.95943
1671606895 10.32235 -8.81490 0.52744 -0.07077 -0.05084 -0.39105 0.91624
1671606897 10.29388 -8.77874 0.45302 -0.07672 -0.04535 -0.45773 0.88461
1671606899 10.47749 -8.70133 0.44390 -0.09474 -0.03211 -0.56019 0.82230
1671606901 11.45997 -8.23624 0.40984 -0.09820 -0.02860 -0.64200 0.75985
1671606903 13.73895 -7.62880 0.34004 -0.10223 -0.00621 -0.72612 0.67990
1671606905 17.37514 -6.97561 0.17216 -0.09894 -0.00249 -0.79603 0.59711
1671606907 21.25177 -6.16516 -0.02702 -0.11091 -0.00566 -0.84481 0.52342
1671606908 26.15555 -5.54546 -0.24957 0.13182 -0.02956 0.87839 -0.45845
1671606909 31.23748 -4.77090 -0.54547 0.11687 -0.03116 0.91555 -0.38359
1671606911 40.40255 -1.85876 -1.10968 0.10669 -0.03625 0.95261 -0.28256
1671606913 47.66024 2.64656 -1.66342 0.10155 -0.02741 0.97746 -0.18305
1671606915 46.46385 8.79101 -2.24374 0.08679 -0.03356 0.99256 -0.07852
1671606917 52.89863 16.51087 -3.17645 0.07824 -0.04037 0.99559 0.03243
1671606919 59.18696 22.53080 -3.95010 0.09046 -0.04626 0.98815 0.11505
1671606921 68.29658 30.55223 -5.06657 0.09435 -0.06906 0.96790 0.22249
1671606923 75.96800 34.91448 -5.84396 0.06619 -0.08072 0.94426 0.31221
1671606925 85.28342 37.07636 -6.47585 0.05611 -0.09628 0.90199 0.41713
1671606927 100.13944 38.74233 -7.42857 0.04439 -0.09785 0.83601 0.53808
1671606929 116.47917 37.68779 -8.55137 0.03262 -0.11471 0.76504 0.63284
1671606933 4.31679 0.45929 0.37124 -0.05925 0.03967 -0.01567 0.99733
1671606933 4.32399 0.38709 0.34978 -0.05016 0.03432 -0.01997 0.99795
1671606936 4.41716 -3.32228 0.14267 0.02466 0.00334 -0.17039 0.98506
1671606939 0.28320 -22.20062 -1.10536 0.11772 -0.04458 -0.43024 0.89389
1671606944 4.78108 0.21299 0.20696 0.02170 0.03026 -0.01816 0.99914
1671606944 7.10739 -1.48198 0.00399 0.07008 0.08231 -0.02432 0.99384
1671606947 27.15295 -16.54802 -0.75123 0.11109 0.13587 0.01342 0.98439
1671606950 72.52733 -37.34095 -2.30423 0.16995 0.20115 0.16189 0.95103
1671606953 4.42321 0.33615 0.55167 0.05789 -0.02037 -0.06170 0.99621
1671606957 5.51336 -9.09771 0.24116 0.14912 -0.00584 -0.25830 0.95447
1671606959 -0.88436 -22.03621 0.61994 0.14481 -0.00857 -0.43443 0.88895
1671606963 5.00102 -0.01723 0.41408 0.08249 0.03411 -0.03371 0.99544
1671606966 9.58798 -6.08723 1.35825 0.15572 0.06859 -0.10601 0.97970
1671606969 24.78451 -31.75452 0.75291 0.21932 0.13147 -0.17067 0.95157
1671606972 44.75035 -74.57706 -3.42476 0.17829 0.08052 -0.15728 0.96798
1671606975 4.32917 0.52689 0.39257 0.07877 0.02945 0.01163 0.99639
1671606977 4.32557 0.52475 0.37614 0.08222 0.01489 0.02835 0.99610
1671606980 4.32882 0.52479 0.36155 0.08617 -0.00293 0.03790 0.99555
1671606983 4.33036 0.52386 0.34875 0.07882 0.00902 0.04867 0.99566
1671606986 4.33282 0.52307 0.33558 0.07793 0.00899 0.06723 0.99465
1671606989 4.33506 0.52245 0.32614 0.08294 0.00262 0.08543 0.99288
1671606991 4.33850 0.52078 0.31718 0.08303 -0.00336 0.10395 0.99111
1671606993 4.33801 0.52143 0.31183 0.09938 0.01214 0.11808 0.98794
1671606996 4.34077 0.51986 0.29985 0.09791 0.01233 0.13791 0.98552
1671606999 4.34377 0.52022 0.28991 0.09835 0.00827 0.15879 0.98237
1671607001 4.34652 0.52092 0.28119 0.09718 0.00711 0.17914 0.97899
1671607004 4.34640 0.52133 0.27041 0.09909 0.02092 0.20193 0.97415
1671607007 4.34626 0.52307 0.26080 0.09116 0.02792 0.21444 0.97207
1671607009 4.34874 0.52602 0.24826 0.09317 0.00996 0.22546 0.96973
1671607012 4.35026 0.52642 0.24652 0.08058 0.00209 0.23260 0.96922
1671607015 4.34909 0.52867 0.24048 0.08466 0.00366 0.24323 0.96626
1671607018 4.34885 0.52840 0.23672 0.07999 0.00815 0.24999 0.96490
1671607021 4.35036 0.52780 0.23440 0.07424 0.00803 0.26571 0.96116
1671607025 4.34727 0.52686 0.23260 0.06802 0.02966 0.28049 0.95698
1671607028 4.34812 0.52627 0.22840 0.06402 0.04349 0.29619 0.95199
1671607029 4.34887 0.52820 0.22560 0.07196 0.03481 0.29663 0.95164
1671607035 4.35742 0.52305 0.22417 0.03067 0.01901 0.32604 0.94467
1671607038 4.35885 0.51979 0.22600 0.01370 0.02381 0.34003 0.94001
1671607041 4.39240 0.49309 0.18509 0.02555 0.02509 0.33905 0.94009
1671607044 4.37094 0.66641 -0.12503 0.04148 0.02714 0.36577 0.92938
1671607047 4.39925 0.76236 -0.28061 0.06838 0.04358 0.40533 0.91057
1671607051 4.30637 0.81601 -0.39804 0.04554 0.03514 0.40272 0.91351
1671607054 4.37380 0.80401 -0.46199 0.05861 0.03123 0.41781 0.90610
1671607057 4.31881 0.82353 -0.45062 0.05739 0.04063 0.43018 0.90000
1671607060 4.31800 0.82329 -0.46149 0.04892 0.04772 0.44100 0.89490
1671607064 4.31702 0.83511 -0.47323 0.05619 0.03253 0.46306 0.88395
1671607068 5.34826 0.13648 -0.55562 0.12131 0.07092 0.24864 0.95835
1671607072 11.90068 -14.86090 -1.05198 0.09069 0.02114 -0.51237 0.85370
1671607075 9.64149 -41.88420 -2.13684 0.00275 0.04712 -0.65632 0.75301
1671607078 7.79064 -67.31626 -3.18430 0.01349 0.05419 -0.63466 0.77077
1671607081 7.06253 -101.05312 -4.81291 0.01298 0.05830 -0.62424 0.77895
1671607083 7.48817 -140.12819 -6.83271 0.03166 0.06523 -0.60085 0.79607
1671607087 10.22169 -199.13354 -10.08604 0.02015 0.07182 -0.59171 0.80269
1671607090 15.84906 -266.56016 -14.50883 0.03244 0.08782 -0.57341 0.81390
1671607098 4.33977 0.53015 0.39846 -0.06821 0.06877 -0.00466 0.99529
1671607098 4.34104 0.52244 0.39745 -0.06906 0.06623 0.00050 0.99541
1671607101 4.34401 0.50572 0.40425 -0.06372 0.07122 0.00184 0.99542
1671607104 4.35597 0.48446 0.41091 -0.06436 0.07935 -0.00428 0.99476
1671607107 4.35263 0.46251 0.41212 -0.03158 0.07440 -0.01018 0.99668
1671607110 4.04370 0.41817 0.30439 -0.09562 0.07100 -0.02611 0.99254
1671607112 3.42846 1.16638 0.00256 -0.08457 0.06558 -0.03052 0.99379
1671607114 2.31362 2.61872 -0.31607 -0.09179 0.07669 -0.03654 0.99215
1671607116 1.33497 4.35219 -0.56964 -0.07774 0.06629 -0.03945 0.99398
1671607118 -0.19200 5.11906 -0.78317 -0.08279 0.06438 -0.04762 0.99334
1671607119 -0.12172 4.88480 -0.89960 -0.07945 0.07463 -0.04545 0.99300
1671607121 0.79521 4.49864 -0.45702 -0.08249 0.08807 -0.05106 0.99138
